0.007379
0.000494
0.000317
0.000241
0.0002
0.000179
0.000166
0.000152
0.000133
0.000108
0.000089
0.000094
0.000145
0.000252
0.000401
0.000563
0.000719
0.000873
0.001017
0.001148
0.001285
0.001412
0.001493
0.001513
0.001487
0.001446
0.001412
0.001389
0.001388
0.001405
0.001428
0.001453
0.001487
0.001529
0.001584
0.001651
0.001737
0.001845
0.001979
0.00214
0.002323
0.002526
0.00275
0.002993
0.003257
0.003543
0.003856
0.004208
0.004603
0.005037
0.005512
0.006008
0.0065
0.006977
0.007456
0.007975
0.008551
0.009174
0.009848
0.010584
0.011407
0.012315
0.013289
0.014326
0.015453
0.016723
0.018154
0.019732
0.021468
0.023387
0.025579
0.028032
0.030665
0.033467
0.036519
0.04001
0.043987
0.048359
0.05314
0.058434
0.064457
0.071259
0.078741
0.086923
0.095935
0.105937
0.117063
0.129407
0.143015
0.157889
0.174013
0.191354
0.209867
0.229502
0.250198
0.27075
0.290814
0.310029
0.328021
0.344422
0.361644
0.379726
0.398712
0.418648
0.43958
0.461559
0.484637
0.508869
0.534312
0.561028
0.589079
0.618533
0.64946
0.681933
0.716029
0.751831
0.789422
0.828894
0.870338
0.913855
