1.43810000
0.91700000
0.74880000
0.56160000
0.91360000
1.49980000
0.98810000
1.46740000
1.31940000
0.64660000
1.29280000
0.98900000
0.89330000
0.87230000
1.19170000
1.25060000
1.19030000
1.35820000
0.91570000
1.05200000
1.05700000
1.18300000
1.30810000
1.23680000
1.18150000
0.98790000
1.52560000
1.32600000
1.07440000
0.89540000
1.43720000
1.12060000
1.00340000
1.26640000
0.91190000
1.22610000
1.16420000
1.12400000
0.90030000
1.23800000
1.10810000
0.91760000
1.03560000
1.14220000
1.18760000
0.85690000
0.74100000
1.37000000
1.23830000
0.93020000
1.06510000
1.18520000
1.31740000
0.95300000
1.20420000
1.22340000
1.06150000
1.31240000
1.18490000
1.05810000
1.16540000
1.31480000
0.96940000
1.30230000
1.07490000
1.09970000
1.01330000
1.37200000
1.22680000
1.33100000
1.28340000
1.20890000
0.90970000
0.88150000
0.78030000
1.28360000
1.10740000
1.04830000
1.15610000
1.05480000
0.63450000
1.25940000
1.14820000
1.02100000
1.15890000
1.32150000
1.13520000
1.01360000